0 2502
1 2502
2 2502
3 2500
4 2500
5 2498
6 2498
7 2498
8 2498
9 2517
10 2517
11 2517
12 2516
13 2516
14 2510
15 2510
16 2510
17 2514
18 2514
19 2514
20 2514
21 2509
22 2509
23 2509
24 2761
25 2761
26 2762
27 2762
28 2757
29 2757
30 2757
31 2764
32 2764
33 2764
34 2764
35 2767
36 2767
37 2767
38 2765
39 2765
40 2740
41 2740
42 2740
43 2747
44 2747
45 2747
46 2746
47 2746
48 2736
49 2736
50 2736
51 2736
52 2746
53 2746
54 2746
55 2746
56 2736
57 2723
58 2723
59 2725
60 2725
61 2725
62 2667
63 2667
64 2667
65 2667
66 2667
67 2667
68 2684
69 2684
70 2684
71 2682
72 2682
73 2689
74 2689
75 2689
76 2689
77 2682
78 2682
79 2671
80 2671
81 2671
82 2678
83 2678
84 2678
85 2675
86 2659
87 2659
88 2659
89 2656
90 2656
91 2648
92 2648
93 2563
94 2563
95 2563
96 2561
97 2561
98 2572
99 2572
100 2574
101 2574
102 2574
103 2571
104 2571
105 2571
106 2571
107 2548
108 2548
109 2548
110 2548
111 2543
112 2543
113 2543
114 2601
115 2601
116 2601
117 2601
118 2601
119 2601
120 2621
121 2621
122 2620
123 2620
124 2613
125 2613
126 2605
127 2605
128 2605
129 2638
130 2638
131 2638
132 2637
133 2637
134 2637
135 2624
136 2622
137 2622
138 2622
139 2622
140 2644
141 2644
142 2644
143 2644
144 2644
145 2644
146 2650
147 2650
148 2650
149 2650
150 2640
151 2620
152 2620
153 2620
154 2740
155 2740
156 2740
157 2740
158 2735
159 2735
160 2735
161 2734
162 2734
163 2734
164 2733
165 2733
166 2733
167 2744
168 2744
169 2744
170 2742
171 2742
172 2741
173 2741
174 2740
175 2740
176 2720
177 2720
178 2712
179 2712
180 2712
181 2712
182 2711
183 2711
184 2712
185 2712
186 2695
187 2695
188 2695
189 2700
190 2700
191 2700
192 2698
193 2698
194 2709
195 2709
196 2711
197 2711
198 2711
199 2703
200 2703
201 2703
202 2712
203 2712
204 2712
205 2712
206 2721
207 2721
208 2720
209 2720
210 2713
211 2713
212 2703
213 2703
214 2703
215 2711
216 2711
217 2711
218 2707
219 2635
220 2635
221 2635
222 2632
223 2632
224 2624
225 2624
226 2624
227 2624
228 2624
229 2622
230 2622
231 2615
232 2615
233 2615
234 2631
235 2631
236 2631
237 2631
238 2631
239 2631
240 2631
241 2631
242 2590
243 2590
244 2590
245 2598
246 2598
247 2598
248 2599
249 2599
250 2599
251 2612
252 2612
253 2612
254 2611
255 2611
256 2611
257 2598
258 2596
259 2596
260 2596
261 2596
262 2598
263 2598
264 2598
265 2598
266 2598
267 2598
268 2596
269 2596
270 2597
271 2597
272 2597
273 2583
274 2583
275 2583
276 2583
277 2583
278 2583
279 2735
280 2735
281 2735
282 2735
283 2735
284 2735
285 2735
286 2735
287 2744
288 2744
289 2744
290 2749
291 2749
292 2749
293 2749
294 2733
295 2733
296 2733
297 2725
298 2725
299 2725
300 2725
301 2761
302 2761
303 2761
304 2759
305 2759
306 2761
307 2761
308 2761
309 2758
310 2758
311 2743
312 2743
313 2743
314 2743
315 2705
316 2705
317 2705
318 2705
319 2719
320 2719
321 2721
322 2721
323 2721
324 2712
325 2712
326 2712
327 2713
328 2713
329 2713
330 2713
331 2708
332 2708
333 2708
334 2697
335 2697
336 2697
337 2657
338 2657
339 2657
340 2673
341 2673
342 2673
343 2673
344 2665
345 2665
346 2674
347 2674
348 2674
349 2674
350 2669
351 2669
352 2669
353 2656
354 2656
355 2632
356 2632
357 2632
358 2630
359 2630
360 2652
361 2652
362 2662
363 2662
364 2662
365 2661
366 2661
367 2649
368 2649
369 2649
370 2649
371 2633
372 2633
373 2633
374 2633
375 2648
376 2648
377 2648
378 2657
379 2657
380 2657
381 2657
382 2657
383 2657
384 2675
385 2675
386 2681
387 2681
388 2682
389 2682
390 2667
391 2667
392 2667
393 2663
394 2663
395 2663
396 2663
397 2663
398 2663
399 2894
400 2894
401 2894
402 2891
403 2885
404 2885
405 2882
406 2882
407 2882
408 2882
409 2891
410 2891
411 2891
412 2899
413 2899
414 2899
415 2898
416 2898
417 2884
418 2884
419 2884
420 2884
421 2900
422 2900
423 2900
424 2899
425 2899
426 2899
427 2888
428 2888
429 2888
430 2888
431 2888
432 2886
433 2886
434 2875
435 2875
436 2875
437 2901
438 2901
439 2901
440 2901
441 2891
442 2884
443 2884
444 2882
445 2882
446 2882
447 2882
448 2872
449 2867
450 2867
451 2867
452 2884
453 2884
454 2884
455 2882
456 2882
457 2898
458 2898
459 2898
460 2899
461 2899
462 2899
463 2899
464 2899
465 2899
466 2897
467 2897
468 2868
469 2868
470 2868
471 2866
472 2866
473 2868
474 2868
475 2868
476 2865
477 2865
478 2845
479 2845
480 2845
481 2819
482 2819
483 2819
484 2817
485 2817
486 2816
487 2816
488 2816
489 2816
490 2795
491 2795
492 2829
493 2829
494 2829
495 2829
496 2829
497 2829
498 2829
499 2829
500 2808
501 2804
502 2804
503 2804
504 2804
505 2827
506 2827
507 2827
508 2825
509 2825
510 2816
511 2816
512 2837
513 2837
514 2837
515 2837
516 2831
517 2831
518 2831
519 2821
520 2821
521 2821
522 2805
523 2805
524 2805
525 2805
526 2819
527 2819
528 2819
529 2816
530 2816
531 2806
532 1607
533 1607
534 1607
535 1622
536 1622
537 1621
538 1621
539 1612
540 1594
541 1594
542 1598
543 1598
544 1598
545 1598
546 1601
547 1601
548 1601
549 1597
550 1967
551 1967
552 1967
553 1967
554 1962
555 1962
556 1962
557 1976
558 1976
559 1976
560 1975
561 1975
562 1975
563 1974
564 1974
565 1974
566 1972
567 1972
568 1962
569 1962
570 1962
571 1962
572 1963
573 1963
574 1962
575 1962
576 1945
577 1945
578 1945
579 1972
580 1972
581 1972
582 1970
583 1970
584 1963
585 1963
586 1963
587 1960
588 1960
589 1960
590 1958
591 1958
592 1986
593 1986
594 1986
595 1986
596 1978
597 1978
598 1971
599 1971
600 1971
601 1994
602 1994
603 1994
604 1991
605 1991
606 1993
607 1993
608 1993
609 1989
610 1971
611 1971
612 1879
613 1879
614 1889
615 1889
616 1889
617 1887
618 1887
619 1876
620 1876
621 1876
622 1876
623 1890
624 1890
625 1890
626 1890
627 1892
628 1892
629 1892
630 1889
631 1878
632 1878
633 1878
634 1878
635 2346
636 2346
637 2346
638 2343
639 2337
640 2337
641 2385
642 2385
643 2385
644 2385
645 2378
646 2378
647 2385
648 2385
649 2384
650 2384
651 2377
652 2377
653 2372
654 2372
655 2372
656 2372
657 2381
658 2381
659 2382
660 2382
661 2375
662 2375
663 2348
664 2348
665 2348
666 2346
667 2346
668 2361
669 2361
670 2361
671 2360
672 2360
673 2360
674 2349
675 2349
676 2335
677 2335
678 2355
679 2355
680 2355
681 2352
682 2353
683 2353
684 2353
685 2353
686 2392
687 2392
688 2392
689 2392
690 2387
691 2387
692 2387
693 2382
694 2382
695 2384
696 2384
697 2384
698 2366
699 2366
700 2366
701 2366
702 2365
703 2365
704 2365
705 2365
706 2382
707 2382
708 2382
709 2380
710 2380
711 2382
712 2382
713 2382
714 2380
715 2380
716 2386
717 2386
718 2386
719 2386
720 2386
721 2386
722 2426
723 2426
724 2426
725 2424
726 2424
727 2422
728 2422
729 2422
730 2422
731 2422
732 2422
733 2422
734 2445
735 2445
736 2445
737 2443
738 2443
739 2446
740 2446
741 2446
742 2447
743 2447
744 2447
745 2350
746 2350
747 2350
748 2350
749 2248
750 2248
751 2248
752 2248
753 2271
754 2271
755 2271
756 2271
757 2263
758 2263
759 2256
760 2256
761 2256
762 2279
763 2279
764 2279
765 2279
766 2283
767 2283
768 2283
769 2281
770 2281
771 2259
772 2259
773 2256
774 2256
775 2256
776 2254
777 2254
778 2256
779 2256
780 2257
781 2257
782 2257
783 2247
784 2247
785 2321
786 2321
787 2321
788 2321
789 2316
790 2316
791 2316
792 2303
793 2303
794 2301
795 2301
796 2301
797 2299
798 2299
799 2308
800 2308
801 2330
802 2330
803 2330
804 2329
805 2329
806 2322
807 2322
808 2322
809 2319
810 2319
811 2319
812 2319
813 2319
814 2319
815 2307
816 2307
817 1953
818 1953
819 1953
820 1973
821 1973
822 1973
823 1972
824 1972
825 1965
826 1965
827 1965
828 1815
829 1815
830 1815
831 1834
832 1834
833 1836
834 1836
835 1836
836 1827
837 1827
838 1827
839 1829
840 1829
841 1829
842 1836
843 1836
844 1836
845 1835
846 1835
847 1822
848 1822
849 1822
850 1822
851 1815
852 1815
853 1815
854 1834
855 1834
856 1834
857 1833
858 1833
859 1827
860 1827
861 1827
862 1820
863 1820
864 1820
865 1820
866 1832
867 1832
868 1833
869 1833
870 1833
871 1823
872 1823
873 1807
874 1807
875 1807
876 1867
877 1867
878 1867
879 1867
880 1886
881 1886
882 1897
883 1897
884 1897
885 1895
886 1895
887 1886
888 1886
889 1886
890 1884
891 1884
892 1879
893 1879
894 1879
895 1879
896 1882
897 1882
898 1882
899 1880
900 1880
901 1878
902 1878
903 1878
904 1878
905 1873
906 1873
907 1873
908 1774
909 1774
910 1774
911 1774
912 1777
913 1777
914 1777
915 1776
916 1776
917 1770
918 1770
919 1770
920 1800
921 1800
922 1800
923 1798
924 1798
925 1797
926 1797
927 1799
928 1799
929 1799
930 1787
931 1787
932 1787
933 1787
934 1787
935 1787
936 1908
937 1908
938 1908
939 1907
940 1907
941 1900
942 1900
943 1900
944 1917
945 1917
946 1917
947 1917
948 1912
949 1912
950 1912
951 1901
952 1901
953 1901
954 1875
955 1875
956 1875
957 1875
958 1875
959 1875
960 1875
961 1875
962 1875
963 1875
964 1877
965 1877
966 1879
967 1879
968 1879
969 1867
970 1867
971 1867
972 1874
973 1874
974 1874
975 1871
976 1854
977 1854
978 1854
979 1854
980 1854
981 1854
982 1893
983 1893
984 1894
985 1894
986 1894
987 1884
988 1884
989 1881
990 1881
991 1881
992 1881
993 1857
994 1833
995 1833
996 1833
997 1833
998 1833
999 1833

Number of comparisons in std::sort: 10076
