100 69 9
200 38 27
300 34 18
400 39 24
500 75 48
600 90 53
700 209 42
800 179 85
900 252 142
1000 160 159
2000 234 279
3000 340 387
4000 289 411
5000 326 493
6000 387 620
7000 413 706
8000 371 897
9000 408 927
10000 636 896
20000 682 1572
30000 914 2832
40000 1195 3387
50000 1429 5021
60000 1692 5854
70000 1925 5707
80000 1955 5314
90000 2086 7272
100000 2499 7679
200000 5401 15608
300000 8569 26116
400000 10700 40094
500000 13427 49298
600000 17164 85912
700000 19883 64164
800000 22306 70769
900000 25070 84524
1000000 27111 104067
