100 77 22
200 18 57
300 22 9
400 101 36
500 129 15
600 146 38
700 78 40
800 48 70
900 52 55
1000 54 35
2000 208 92
3000 120 179
4000 172 131
5000 185 308
6000 174 359
7000 230 268
8000 177 313
9000 227 497
10000 208 679
20000 425 1604
30000 600 2337
40000 692 3398
50000 826 4708
60000 1028 5383
70000 1178 6940
80000 1217 7645
90000 1389 8306
100000 1507 8422
200000 2672 19476
300000 4020 25290
400000 4981 42701
500000 8761 47770
600000 9026 77210
700000 13231 87724
800000 15086 87964
900000 11176 123491
1000000 14725 87103
