0 0
10000 0
20000 0
30000 0
40000 0
50000 0
60000 0
70000 0
80000 0
90000 0
100000 0
110000 0
120000 0
130000 0
140000 0
150000 0
160000 0
170000 0
180000 1
190000 2
200000 3
210000 3
220000 3
230000 3
240000 4
250000 4
260000 4
270000 4
280000 4
290000 4
300000 6
310000 8
320000 8
330000 9
340000 10
350000 10
360000 11
370000 14
380000 15
390000 15
400000 15
410000 15
420000 16
430000 16
440000 16
450000 17
460000 17
470000 17
480000 20
490000 20
500000 20
510000 21
520000 22
530000 23
540000 24
550000 25
560000 25
570000 26
580000 27
590000 27
600000 29
610000 31
620000 32
630000 34
640000 34
650000 36
660000 36
670000 39
680000 40
690000 41
700000 43
710000 46
720000 48
730000 50
740000 53
750000 56
760000 63
770000 66
780000 68
790000 69
800000 71
810000 72
820000 77
830000 79
840000 80
850000 82
860000 83
870000 85
880000 88
890000 89
900000 92
910000 95
920000 98
930000 99
940000 105
950000 105
960000 106
970000 108
980000 111
990000 112
1000000 115
1010000 117
1020000 118
1030000 120
1040000 123
1050000 126
1060000 133
1070000 137
1080000 139
1090000 142
1100000 147
1110000 148
1120000 151
1130000 155
1140000 159
1150000 161
1160000 162
1170000 166
1180000 171
1190000 171
1200000 173
1210000 177
1220000 180
1230000 180
1240000 185
1250000 190
1260000 195
1270000 199
1280000 206
1290000 209
1300000 213
1310000 219
1320000 224
1330000 229
1340000 231
1350000 240
1360000 245
1370000 249
1380000 255
1390000 263
1400000 265
1410000 269
1420000 274
1430000 283
1440000 288
1450000 292
1460000 297
1470000 308
1480000 310
1490000 314
1500000 319
1510000 322
1520000 327
1530000 331
1540000 336
1550000 342
1560000 348
1570000 352
1580000 355
1590000 362
1600000 372
1610000 375
1620000 378
1630000 381
1640000 386
1650000 390
1660000 393
1670000 398
1680000 401
1690000 411
1700000 411
1710000 417
1720000 425
1730000 430
1740000 431
1750000 434
1760000 437
1770000 438
1780000 443
1790000 446
1800000 450
1810000 455
1820000 457
1830000 460
1840000 465
1850000 469
1860000 476
1870000 479
1880000 480
1890000 481
1900000 485
1910000 487
1920000 490
1930000 494
1940000 495
1950000 498
1960000 503
1970000 509
1980000 513
1990000 517
2000000 520
