0 0
10000 0
20000 0
30000 0
40000 0
50000 0
60000 0
70000 0
80000 1
90000 1
100000 1
110000 1
120000 1
130000 1
140000 1
150000 2
160000 3
170000 4
180000 4
190000 4
200000 4
210000 12
220000 19
230000 30
240000 39
250000 48
260000 56
270000 60
280000 63
290000 73
300000 84
310000 92
320000 98
330000 113
340000 126
350000 144
360000 151
370000 157
380000 165
390000 167
400000 173
410000 179
420000 192
430000 205
440000 215
450000 222
460000 229
470000 241
480000 252
490000 258
500000 266
510000 272
520000 276
530000 289
540000 299
550000 313
560000 322
570000 329
580000 337
590000 345
600000 350
610000 358
620000 364
630000 378
640000 385
650000 390
660000 398
670000 409
680000 416
690000 421
700000 430
710000 439
720000 450
730000 461
740000 467
750000 483
760000 489
770000 497
780000 513
790000 523
800000 533
810000 538
820000 545
830000 553
840000 562
850000 568
860000 577
870000 586
880000 597
890000 604
900000 611
910000 620
920000 624
930000 634
940000 648
950000 654
960000 666
970000 674
980000 675
990000 688
1000000 695
1010000 703
1020000 712
1030000 724
1040000 731
1050000 736
1060000 742
1070000 747
1080000 755
1090000 766
1100000 770
1110000 777
1120000 787
1130000 798
1140000 805
1150000 812
1160000 818
1170000 828
1180000 838
1190000 845
1200000 854
1210000 865
1220000 874
1230000 878
1240000 886
1250000 894
1260000 902
1270000 909
1280000 918
1290000 928
1300000 937
1310000 944
1320000 951
1330000 958
1340000 968
1350000 977
1360000 992
1370000 1004
1380000 1011
1390000 1022
1400000 1031
1410000 1041
1420000 1048
1430000 1058
1440000 1062
1450000 1069
1460000 1077
1470000 1084
1480000 1091
1490000 1099
1500000 1112
1510000 1118
1520000 1127
1530000 1138
1540000 1145
1550000 1152
1560000 1161
1570000 1167
1580000 1177
1590000 1186
1600000 1192
1610000 1204
1620000 1216
1630000 1225
1640000 1234
1650000 1240
1660000 1249
1670000 1258
1680000 1267
1690000 1275
1700000 1281
1710000 1286
1720000 1293
1730000 1295
1740000 1310
1750000 1319
1760000 1330
1770000 1342
1780000 1350
1790000 1357
1800000 1369
1810000 1380
1820000 1383
1830000 1387
1840000 1392
1850000 1397
1860000 1403
1870000 1408
1880000 1416
1890000 1426
1900000 1433
1910000 1445
1920000 1451
1930000 1456
1940000 1458
1950000 1461
1960000 1468
1970000 1478
1980000 1487
1990000 1495
2000000 1503
