0 0
10000 0
20000 0
30000 1
40000 1
50000 1
60000 1
70000 1
80000 2
90000 2
100000 2
110000 2
120000 2
130000 2
140000 4
150000 5
160000 5
170000 5
180000 6
190000 8
200000 8
210000 8
220000 9
230000 9
240000 9
250000 11
260000 13
270000 13
280000 13
290000 14
300000 16
310000 19
320000 19
330000 20
340000 23
350000 25
360000 27
370000 27
380000 28
390000 30
400000 32
410000 35
420000 36
430000 39
440000 40
450000 41
460000 41
470000 42
480000 42
490000 44
500000 46
510000 46
520000 46
530000 46
540000 49
550000 51
560000 51
570000 52
580000 55
590000 57
600000 57
610000 58
620000 58
630000 60
640000 62
650000 64
660000 68
670000 74
680000 76
690000 78
700000 81
710000 86
720000 89
730000 93
740000 97
750000 99
760000 102
770000 104
780000 109
790000 110
800000 112
810000 113
820000 117
830000 119
840000 120
850000 126
860000 129
870000 134
880000 137
890000 140
900000 140
910000 141
920000 141
930000 147
940000 151
950000 153
960000 155
970000 158
980000 160
990000 161
1000000 165
1010000 168
1020000 171
1030000 173
1040000 177
1050000 179
1060000 179
1070000 184
1080000 184
1090000 188
1100000 190
1110000 195
1120000 199
1130000 199
1140000 205
1150000 209
1160000 212
1170000 215
1180000 222
1190000 226
1200000 228
1210000 232
1220000 241
1230000 245
1240000 249
1250000 251
1260000 255
1270000 257
1280000 266
1290000 268
1300000 272
1310000 274
1320000 276
1330000 280
1340000 280
1350000 286
1360000 290
1370000 293
1380000 296
1390000 300
1400000 304
1410000 309
1420000 311
1430000 313
1440000 321
1450000 324
1460000 328
1470000 333
1480000 337
1490000 338
1500000 342
1510000 344
1520000 349
1530000 355
1540000 363
1550000 368
1560000 373
1570000 378
1580000 385
1590000 393
1600000 395
1610000 400
1620000 409
1630000 414
1640000 418
1650000 420
1660000 425
1670000 428
1680000 433
1690000 438
1700000 448
1710000 453
1720000 456
1730000 458
1740000 463
1750000 471
1760000 476
1770000 481
1780000 488
1790000 493
1800000 501
1810000 512
1820000 516
1830000 521
1840000 527
1850000 528
1860000 535
1870000 543
1880000 549
1890000 558
1900000 566
1910000 569
1920000 574
1930000 580
1940000 588
1950000 590
1960000 598
1970000 602
1980000 613
1990000 619
2000000 627
