0 0
10000 0
20000 0
30000 0
40000 0
50000 0
60000 0
70000 0
80000 1
90000 2
100000 2
110000 2
120000 3
130000 3
140000 5
150000 5
160000 7
170000 8
180000 8
190000 8
200000 8
210000 11
220000 11
230000 11
240000 11
250000 11
260000 11
270000 14
280000 14
290000 14
300000 17
310000 18
320000 21
330000 23
340000 23
350000 26
360000 26
370000 27
380000 27
390000 29
400000 32
410000 34
420000 36
430000 36
440000 38
450000 40
460000 43
470000 43
480000 43
490000 43
500000 45
510000 46
520000 46
530000 48
540000 50
550000 52
560000 53
570000 53
580000 54
590000 57
600000 57
610000 59
620000 60
630000 63
640000 65
650000 66
660000 68
670000 69
680000 71
690000 75
700000 77
710000 80
720000 81
730000 82
740000 85
750000 87
760000 91
770000 92
780000 97
790000 100
800000 103
810000 104
820000 106
830000 107
840000 108
850000 109
860000 115
870000 119
880000 121
890000 126
900000 131
910000 133
920000 135
930000 136
940000 139
950000 143
960000 145
970000 150
980000 151
990000 154
1000000 159
1010000 161
1020000 163
1030000 167
1040000 169
1050000 174
1060000 178
1070000 180
1080000 182
1090000 183
1100000 185
1110000 187
1120000 190
1130000 191
1140000 192
1150000 193
1160000 197
1170000 198
1180000 203
1190000 204
1200000 208
1210000 209
1220000 212
1230000 217
1240000 220
1250000 225
1260000 229
1270000 236
1280000 241
1290000 244
1300000 246
1310000 249
1320000 253
1330000 258
1340000 262
1350000 267
1360000 275
1370000 280
1380000 282
1390000 284
1400000 289
1410000 293
1420000 299
1430000 305
1440000 308
1450000 316
1460000 322
1470000 328
1480000 331
1490000 333
1500000 336
1510000 340
1520000 343
1530000 346
1540000 349
1550000 351
1560000 356
1570000 358
1580000 364
1590000 370
1600000 374
1610000 377
1620000 380
1630000 389
1640000 394
1650000 400
1660000 407
1670000 415
1680000 419
1690000 425
1700000 431
1710000 435
1720000 439
1730000 446
1740000 450
1750000 457
1760000 459
1770000 465
1780000 472
1790000 482
1800000 488
1810000 496
1820000 503
1830000 505
1840000 512
1850000 521
1860000 526
1870000 532
1880000 541
1890000 546
1900000 549
1910000 552
1920000 561
1930000 570
1940000 575
1950000 584
1960000 591
1970000 596
1980000 604
1990000 610
